A = [7
     8
     9];