function y = big_int
	y = 4294967295;
end